Linux 5.4.0-100-generic (ubuntu)        09/03/22        _x86_64_        (3 CPU)

12:00:01 AM IST kbmemfree   kbavail kbmemused  %memused kbbuffers  kbcached  kbcommit   %commit  kbactive   kbinact   kbdirty
12:05:01 AM IST   7855664   8924472    623236      6.28    111396   1142628   1399176     12.81   1210348    521160       120
12:15:01 AM IST   7853632   8922696    623992      6.29    111436   1143128   1415960     12.97   1210496    521660       116
12:25:01 AM IST   7851232   8920340    626500      6.32    111464   1143156   1416552     12.97   1212876    521684       120
12:35:01 AM IST   7848216   8917372    629284      6.35    111504   1143332   1418160     12.99   1216052    521860       116
12:45:01 AM IST   7841940   8911172    635508      6.41    111524   1143328   1420184     13.00   1221600    521856       120
12:55:01 AM IST   7841344   8910616    635944      6.41    111548   1143348   1419880     13.00   1222292    521876       120
01:05:01 AM IST   7842276   8911704    634888      6.40    111560   1143496   1429164     13.09   1221240    522024       116
01:15:01 AM IST   7841064   8910596    636328      6.42    111588   1143520   1420948     13.01   1223400    522048         4
01:25:01 AM IST   7834804   8904368    641800      6.47    111600   1143544   1444252     13.22   1227764    522072       236
01:35:01 AM IST   7835792   8905364    641016      6.46    111608   1143548   1444252     13.22   1227424    522076       120
01:45:01 AM IST   7828076   8897892    648348      6.54    111628   1143684   1446716     13.25   1234588    522204       136
01:55:01 AM IST   7828344   8898188    647856      6.53    111636   1143736   1448164     13.26   1234352    522256       116
02:05:01 AM IST   7828544   8898432    647384      6.53    111660   1143764   1445372     13.23   1232908    522280         8
02:15:01 AM IST   7830960   8900944    644572      6.50    111676   1143872   1446088     13.24   1231184    521864       136
02:25:01 AM IST   7830732   8900704    645000      6.50    111704   1143964   1443796     13.22   1231728    521956       120
02:35:01 AM IST   7827504   8897520    648044      6.53    111724   1143984   1443796     13.22   1234160    521976       116
02:45:01 AM IST   7826056   8896088    649592      6.55    111740   1143980   1444848     13.23   1236096    521972         4
02:55:01 AM IST   7851992   8921880    623764      6.29    111776   1144060   1437424     13.16   1226156    506700       120
03:05:01 AM IST   7846708   8916788    628740      6.34    111812   1144220   1438468     13.17   1231116    506860       124
03:15:01 AM IST   7821580   8892000    651900      6.57    111828   1144396   1507300     13.80   1253312    506924       240
03:25:01 AM IST   7824420   8895200    649328      6.55    111868   1144940   1455996     13.33   1156912    599956       292
03:35:01 AM IST   7812796   8883592    661068      6.67    111892   1144952   1463648     13.40   1168684    599968         0
03:45:01 AM IST   7812360   8883364    660968      6.66    111924   1145036   1453360     13.31   1168780    600056       120
03:55:01 AM IST   7811556   8882584    661948      6.67    111940   1145044   1454616     13.32   1169960    600064       120
04:05:01 AM IST   7814660   8885740    658832      6.64    111960   1145080   1451860     13.29   1166736    600100       116
04:15:01 AM IST   7814396   8885516    658760      6.64    111972   1145080   1452852     13.30   1166796    600104       232
04:25:01 AM IST   7811280   8882492    661804      6.67    111980   1145168   1454532     13.32   1169720    600192       232
04:35:01 AM IST   7810924   8882168    661960      6.67    111984   1145192   1455768     13.33   1170048    600216         0
04:45:01 AM IST   7811216   8882480    661756      6.67    112000   1145192   1457652     13.35   1170256    600216       116
04:55:01 AM IST   7813868   8885692    658496      6.64    112020   1145716   1453384     13.31   1166776    600564       288
05:05:01 AM IST   7813136   8885016    659428      6.65    112068   1145728   1453728     13.31   1168040    600576       132
05:15:01 AM IST   7814012   8885984    658108      6.64    112116   1145736   1453768     13.31   1167036    600584       120
05:25:01 AM IST   7818156   8890172    654024      6.59    112136   1145772   1449828     13.28   1162944    600612       164
05:35:01 AM IST   7815348   8887548    656484      6.62    112180   1145908   1449828     13.28   1164960    600752       208
05:45:01 AM IST   7812252   8884556    658520      6.64    112192   1146640   1455184     13.32   1167564    601488       220
05:55:01 AM IST   7811912   8884272    658792      6.64    112232   1146656   1454304     13.32   1167728    601504       120
06:05:01 AM IST   7811792   8884192    658712      6.64    112268   1146688   1455064     13.32   1167016    601536       116
06:15:01 AM IST   7814052   8888668    654540      6.60    112900   1148208   1456032     13.33   1270188    496440       292
06:25:01 AM IST   7816092   8890740    652368      6.58    112916   1148220   1457576     13.35   1268876    496448       124
06:35:01 AM IST   7815776   8891312    651808      6.57    112928   1149048   1456728     13.34   1268136    496984       116
06:45:01 AM IST   7809268   8884920    658012      6.63    112948   1149064   1460140     13.37   1274488    497000       116
06:55:01 AM IST   7807100   8882772    660036      6.66    112960   1149072   1451612     13.29   1275944    497008       136
07:05:01 AM IST   7808632   8884356    658516      6.64    112988   1149096   1451300     13.29   1275192    497032         4
07:15:01 AM IST   7808572   8884348    658748      6.64    112996   1149092   1452524     13.30   1275048    497032       116
07:25:01 AM IST   7807228   8883116    659796      6.65    113012   1149188   1451596     13.29   1276096    497128       116
07:35:01 AM IST   7808396   8884440    658620      6.64    113032   1149324   1460436     13.37   1275288    497264       132
07:45:01 AM IST   7808828   8885064    658112      6.64    113072   1149460   1451596     13.29   1275224    497400       120
07:55:01 AM IST   7800344   8876652    664172      6.70    113092   1151676   1472380     13.48   1280132    499616         0
08:05:01 AM IST   7795076   8871484    668584      6.74    113168   1152448   1484732     13.59   1284584    500388       116
08:15:01 AM IST   7795016   8871468    668744      6.74    113212   1152452   1476428     13.52   1284724    500392       120
08:25:01 AM IST   7793836   8870464    669840      6.75    113228   1152608   1476244     13.52   1286704    500548       116
08:35:01 AM IST   7792136   8868800    671632      6.77    113248   1152624   1491228     13.65   1288772    500564       152
08:45:01 AM IST   7792140   8868864    671248      6.77    113276   1152632   1489180     13.64   1287496    500572       120
08:55:01 AM IST   7794836   8871568    668700      6.74    113292   1152644   1488584     13.63   1284692    500584         0
09:05:01 AM IST   7798248   8875152    664996      6.71    113316   1152796   1474460     13.50   1281548    500736       120
09:15:01 AM IST   7796144   8873088    667112      6.73    113340   1152788   1474740     13.50   1283316    500728       120
09:25:01 AM IST   7798280   8875280    665136      6.71    113372   1152812   1474816     13.50   1281316    500752       128
09:35:01 AM IST   7784108   8861192    678684      6.84    113416   1153020   1506284     13.79   1295244    500932       116
09:45:01 AM IST   7789404   8866696    673204      6.79    113436   1153560   1488676     13.63   1289820    501472        40
09:55:01 AM IST   7787124   8864508    674884      6.80    113496   1153716   1517688     13.90   1292492    500376       220
10:05:01 AM IST   7837052   8914284    624700      6.30    113544   1153764   1440260     13.19   1245468    498176       116
10:15:01 AM IST   7817500   8894984    644300      6.50    113588   1153916   1459876     13.37   1265992    498320       116
10:25:01 AM IST   7812824   8890316    649016      6.54    113608   1153904   1453428     13.31   1269684    498308         0
10:35:01 AM IST   7804524   8882084    657352      6.63    113648   1153936   1467032     13.43   1278608    498340       116
10:45:01 AM IST   7810180   8887868    651256      6.57    113656   1153956   1469720     13.46   1272040    498272       164
10:55:01 AM IST   7809700   8887440    651504      6.57    113680   1153984   1463840     13.40   1272364    498300       116
11:05:01 AM IST   7784044   8862212    676432      6.82    113788   1155064   1518824     13.91   1298280    499228       168
11:15:01 AM IST   7787668   8866440    671756      6.77    113980   1155892   1497148     13.71   1293596    499348       116
11:25:01 AM IST   7778564   8857468    680464      6.86    114060   1155992   1532740     14.03   1302356    499432       116
11:35:01 AM IST   7780744   8859688    678304      6.84    114064   1156024   1527776     13.99   1300456    499464       120
11:45:01 AM IST   7774044   8853144    685500      6.91    114084   1156244   1541764     14.12   1307228    499504       116
11:55:01 AM IST   7782456   8861716    677260      6.83    114100   1156220   1526952     13.98   1299080    499572       120
12:05:01 PM IST   7776996   8856668    681988      6.88    114116   1156724   1521272     13.93   1304452    499128         0
12:15:01 PM IST   7778224   8858204    680180      6.86    114128   1156884   1518784     13.91   1302820    499028       120
12:25:01 PM IST   7773008   8853032    685136      6.91    114144   1156900   1532488     14.03   1308216    499036       116
12:35:01 PM IST   7773392   8853952    683956      6.90    114156   1157432   1540812     14.11   1307020    499488       116
12:45:01 PM IST   7772352   8852980    684812      6.90    114168   1157432   1530684     14.02   1307740    499492       236
12:55:01 PM IST   7777768   8858488    679176      6.85    114232   1157476   1535544     14.06   1301900    499528       128
01:05:01 PM IST   7794648   8875360    662752      6.68    114248   1157528   1496944     13.71   1286696    499232       128
01:15:02 PM IST   7792688   8873652    664116      6.70    114268   1157660   1510044     13.83   1287728    499296       120
01:25:01 PM IST   7793156   8874152    663440      6.69    114300   1157660   1488104     13.63   1287576    499296       120
01:35:01 PM IST   7800224   8883460    654272      6.60    114324   1160016   1460748     13.38   1278064    501412       116
01:45:01 PM IST   7779064   8862408    675568      6.81    114356   1160024   1475536     13.51   1299680    501388       116
01:55:01 PM IST   7783412   8866952    670848      6.76    114404   1160320   1479800     13.55   1295240    501444       272
02:05:01 PM IST   7783252   8866808    670520      6.76    114412   1160628   1469408     13.45   1294992    501752       116
02:15:01 PM IST   7744220   8830224    698104      7.04    114472   1161796   1537920     14.08   1320316    500044       192
Average:      7808406   8883356    658638      6.64    112853   1150002   1468817     13.45   1249093    524012       126
